%BLOCK LATTICE_CART
       6.713428930136970      -3.875999999999998       0.000000000000000
       0.000000000000000       7.752000000000000       0.000000000000000
       0.000000000000000       0.000000000000000       5.622000000000000
%ENDBLOCK LATTICE_CART

%BLOCK POSITIONS_FRAC
  N   0.6549999713897703    0.6119999885559078    0.4350000023841860
  N   0.3160000145435332    0.3179999887943267    0.7020000219345091
  N   0.0469999983906746    0.3199999928474423    0.4300000071525574
  N  -0.6119999885559078    0.0429999828338624    0.4350000023841860
  N  -0.3179999887943267   -0.0019999742507935    0.7020000219345091
  N  -0.3199999928474424   -0.2729999944567678    0.4300000071525574
  N  -0.0429999828338625   -0.6549999713897703    0.4350000023841860
  N   0.0019999742507934   -0.3160000145435331    0.7020000219345091
  N   0.2729999944567678   -0.0469999983906746    0.4300000071525574
  N   0.6119999885559078    0.6549999713897703    0.9350000023841858
  N   0.3179999887943267    0.3160000145435332    1.2020000219345091
  N   0.3199999928474424    0.0469999983906746    0.9300000071525574
  N   0.0429999828338625   -0.6119999885559078    0.9350000023841858
  N  -0.0019999742507934   -0.3179999887943266    1.2020000219345091
  N  -0.2729999944567678   -0.3199999928474424    0.9300000071525574
  N  -0.6549999713897703   -0.0429999828338626    0.9350000023841858
  N  -0.3160000145435332    0.0019999742507934    1.2020000219345091
  N  -0.0469999983906746    0.2729999944567677    0.9300000071525574
  N   0.3333333333333333    0.6666666666666663    0.6000000238418572
  N   0.6666666666666664    0.3333333333333333    1.1000000238418572
 Si   0.0820000022649765    0.5139999985694869    0.6549999713897705
 Si   0.2549999952316280    0.1689999997615813    0.4499999880790712
 Si  -0.5139999985694869   -0.4319999963045105    0.6549999713897705
 Si  -0.1689999997615813    0.0859999954700467    0.4499999880790712
 Si   0.4319999963045104   -0.0820000022649765    0.6549999713897705
 Si  -0.0859999954700467   -0.2549999952316280    0.4499999880790712
 Si   0.5139999985694869    0.0820000022649766    1.1549999713897705
 Si   0.1689999997615813    0.2549999952316280    0.9499999880790712
 Si  -0.4319999963045104   -0.5139999985694869    1.1549999713897705
 Si   0.0859999954700467   -0.1689999997615813    0.9499999880790712
 Si  -0.0820000022649765    0.4319999963045104    1.1549999713897705
 Si  -0.2549999952316280   -0.0859999954700467    0.9499999880790712
%ENDBLOCK POSITIONS_FRAC

%BLOCK KPOINTS_LIST
  -0.5000000000000000   -0.5000000000000000    0.3750000000000000       0.093750000000000
  -0.5000000000000000   -0.5000000000000000    0.1250000000000000       0.093750000000000
  -0.5000000000000000    0.2500000000000000    0.3750000000000000       0.093750000000000
  -0.5000000000000000    0.2500000000000000    0.1250000000000000       0.093750000000000
  -0.5000000000000000    0.2500000000000000   -0.1250000000000000       0.093750000000000
  -0.5000000000000000    0.2500000000000000   -0.3750000000000000       0.093750000000000
   0.2500000000000000    0.0000000000000000    0.3750000000000000       0.187500000000000
   0.2500000000000000    0.0000000000000000    0.1250000000000000       0.187500000000000
   0.0000000000000000    0.0000000000000000    0.3750000000000000       0.031250000000000
   0.0000000000000000    0.0000000000000000    0.1250000000000000       0.031250000000000
%ENDBLOCK KPOINTS_LIST

%BLOCK SYMMETRY_OPS
       1.000000000000000       0.000000000000000       0.000000000000000
       0.000000000000000       1.000000000000000       0.000000000000000
       0.000000000000000       0.000000000000000       1.000000000000000
       0.000000000000000        0.000000000000000        0.000000000000000
      -0.500000000000000       0.866025403784438       0.000000000000000
      -0.866025403784439      -0.500000000000000       0.000000000000000
       0.000000000000000       0.000000000000000       1.000000000000000
       0.000000000000000        0.000000000000000        0.000000000000000
      -0.500000000000000      -0.866025403784438       0.000000000000000
       0.866025403784439      -0.500000000000000       0.000000000000000
       0.000000000000000       0.000000000000000       1.000000000000000
       0.000000000000000        0.000000000000000        0.000000000000000
       0.500000000000000       0.866025403784439       0.000000000000000
       0.866025403784439      -0.500000000000000       0.000000000000000
       0.000000000000000       0.000000000000000       1.000000000000000
       0.000000000000000        0.000000000000000        0.500000000000000
       0.500000000000000      -0.866025403784438       0.000000000000000
      -0.866025403784439      -0.500000000000000       0.000000000000000
       0.000000000000000       0.000000000000000       1.000000000000000
       0.000000000000000        0.000000000000000        0.500000000000000
      -1.000000000000000      -0.000000000000001       0.000000000000000
       0.000000000000000       1.000000000000000       0.000000000000000
       0.000000000000000       0.000000000000000       1.000000000000000
       0.000000000000000        0.000000000000000        0.500000000000000
%ENDBLOCK SYMMETRY_OPS

#SpaceGroup : 159
FIX_COM : false
%BLOCK IONIC_CONSTRAINTS
%ENDBLOCK IONIC_CONSTRAINTS

%BLOCK EXTERNAL_EFIELD
    0.0000000000     0.0000000000     0.0000000000 
%ENDBLOCK EXTERNAL_EFIELD

%BLOCK EXTERNAL_PRESSURE
    0.0000000000    0.0000000000    0.0000000000
                    0.0000000000    0.0000000000
                                    0.0000000000
%ENDBLOCK EXTERNAL_PRESSURE

%BLOCK SPECIES_MASS
       N     14.0069999695
      Si     28.0849990845
%ENDBLOCK SPECIES_MASS

%BLOCK SPECIES_POT
       N  2|1.1|12|16|19|20UU:21UU(qc=7)[]
      Si  3|1.8|3.6|5|7|30UU:31UU:32UU[]
%ENDBLOCK SPECIES_POT

%BLOCK SPECIES_LCAO_STATES
       N         2
      Si         2
%ENDBLOCK SPECIES_LCAO_STATES

